0.000540586416987787
0.000532018490616283
0.000519592033471886
0.000507037135261081
0.000501147768055676
0.000501353213493241
0.000501268796306702
0.00050344770198091
0.000506576897334348
0.000510925056904135
0.000516795664654962
0.000526450294925638
0.000536733020224183
0.000534836483763295
0.000521295420399014
0.000507968629123904
0.000498296180999843
0.000490244857587551
0.000484768041124173
0.000483556748570439
0.000491315186049497
0.000498565016946404
0.00050015763701987
0.000493298375068947
0.000486754831434671
0.000482012572864044
0.000477958779627419
0.00047462348426778
0.000475763518557079
0.00047938125161499
0.000484053242766668
0.000488510586149231
0.000493382209445782
0.000497073864629918
0.000495040089929348
0.000484802485749909
0.000474332964135302
0.000476031157382884
0.000483984992831193
0.000493915109884934
0.000502858929289244
0.00050920819629206
0.000512902425810542
0.000514262362863836
0.000504654203769856
0.000495699931202058
0.000489081469022425
0.000485848479798537
0.00048245541119101
0.000482582684696443
0.000487051805640078
0.00049131419793799
0.000490713411000304
0.000487112949870081
0.000482883879675595
0.000485097988524571
0.000489522583216164
0.000494931060320219
0.000492135476702419
0.000485446575674154
0.000478757615279684
0.000475969465679415
0.000479681696456217
0.000482305860404922
0.00048299008825855
0.000475964919689427
0.000470048778932996
0.000466530611949595
0.000467634435534795
0.000469427294480898
0.000474535359980705
0.000485363472672274
0.000489962372268306
0.000486370978465538
0.000477489585999945
0.000484810670950335
0.000483411485666361
0.000476820467582285
0.000469370005530476
0.000467400343559828
0.000467908952761658
0.000469570006789449
0.000470966927939139
0.00047232822678338
0.000473356758416039
0.000474704037616323
0.000476323202531702
0.000478061399175914
0.000473530739217254
0.00046725679944799
0.000459501709063231
0.000457003210508655
0.000456908418328939
0.000458879738844824
0.000462656551001619
0.000467309176615764
0.000471968278782083
0.000471844518264461
0.000469169594225391
0.000466082838509843
0.000464010154786011
0.000462594437727122
0.000461544260750848
0.000459568622223061
0.00045709023384193
0.000455560614192477
0.000457283181532939
0.000461247109580911
0.000465798170655934
0.000466399304938234
0.000464412068283614
0.000461330189825693
0.000456988157199175
0.000451580874201525
0.000445964468642563
0.000441838097140554
0.000438016386435787
0.000434940422462831
0.000439236431761312
0.000445089635102496
0.000452752836259067
0.000452833761837264
0.000451253439639639
0.000447996372755229
0.000444413188852088
0.000440609934460309
0.000436851038361884
0.000437836412667326
0.000440655809444153
0.00044439995213806
0.000448134545852995
0.000452061649396023
0.00045619238914738
0.000460365947474007
0.000464797437406603
0.000467640327849649
0.000467830184779961
0.000461456925198253
0.000456398630631863
0.000453172017838626
0.000455711184619577
0.00045686677056311
0.000457386776682014
0.000452827669279674
0.000445610368421962
0.00043293287694995
0.000411748455620649
0.000392718215007615
0.000393246476394294
0.000403403500267951
0.00042118382508622
0.000425461060192574
0.000427161175949434
0.00042513462668377
0.000429388982530084
0.000435876837910551
0.000443375957555868
0.000443352577024617
0.000435459970895639
0.000428723873972546
0.000424945063135447
0.000427663738939427
0.000428708501440116
0.000428599249634969
0.000421867699675502
0.000417274721993562
0.000416979259598651
0.000421393364534432
0.000427635697486822
0.00042717326483508
0.000425387733452576
0.000421165340343914
0.0004207022731519
0.000423058770998767
0.000426098782915267
0.000430106597502866
0.000436169182299702
0.000440543821526381
0.000443780233485002
0.000439754776024794
0.000437426402791975
0.000438914530020443
0.000443767926474588
0.000449801766117996
0.000450997750327531
0.000451699517803721
0.000451030914249834
0.000450016744689172
0.000449232541671992
0.00044811428459246
0.000446597510583693
0.000442802620207171
0.000440743993727366
0.000440098056702239
0.000441832756613401
0.000444226320089405
0.000439043083597196
0.000432033109246965
0.000422521874116724
0.000427081617756267
0.000439731909811108
0.000449033889576085
0.000454113550347921
0.000439270415271459
0.000432692870261293
0.000435377748372401
0.000432419859122569
0.00042726381738245
0.000427122463498133
0.000427334259395587
0.000428469200788755
0.000428728708746931
0.00042728156754423
0.000427305639822408
0.000428457277163903
0.000435660336586056
0.000442500004891918
0.000444414412792414
0.000444347789032253
0.000441843545387648
0.000444667879190376
0.000450831439025336
0.000455443472944601
0.000459426590790929
0.000458614387428952
0.00045735374001199
0.000456019457713828
0.000454846815232203
0.000453585334127668
0.00045110082697756
0.000448647297750786
0.000445696795145876
0.000442953224485894
0.000441809009864653
0.000441438247918285
0.000443473356389538
0.000447908333626257
0.000452977161061943
0.000457385030592507
0.000461642363065882
0.000466565716009228
0.000472523786470487
0.000482989454778573
0.000492359828435185
0.000498434027707697
0.000503250809307572
0.000506880985589844
0.000501821854127757
0.000490447834367171
0.000482478348398006
0.000475814092481421
0.000481163975150896
0.000485932997198829
0.000487499322440102
0.00048980113121675
0.000490942748716811
0.000488497214533385
0.000481758561372663
0.000477648535665679
0.000475611112011331
0.000477480953058367
0.000481395013469179
0.000478264524278739
0.000473405242072741
0.000468321125830131
0.000463359331845289
0.000462529138961617
0.000463441928952655
0.000467944563290028
0.000472423696383673
0.000477680451454005
0.000474348939809271
0.000458599209238455
0.000447249360191085
0.000439807882608413
0.000438803486571527
0.000441812726653755
0.000446752601185749
0.000451241760411058
0.000455720732837679
0.000460639923061898
0.000466202778655396
0.000471595076862997
0.000467698737740057
0.000463869803316546
0.000454980094277357
0.00044347371724426
0.000422279630620932
0.000405694391210439
0.000401575225810285
0.000401261151031621
0.00040897576260244
0.000420773226518377
0.000440447933056802
0.000457057544765257
0.000469358156796484
0.000478487928571573
0.000484226071448344
0.000483998711631922
0.000478125799595211
0.000472843415858149
0.000468931782934039
0.000464335819014931
0.000460331052479502
0.000457288571798737
0.000452491090182706
0.000452223452997207
0.000454165808699629
0.000463147963833051
0.000474676197208614
0.000479139673531371
0.000481321504994945
0.000482014966985499
0.00048224024669001
0.000481573150314113
0.000480185440320241
0.000480545009340503
0.000481047322604744
0.000483958339327841
0.000486832567622982
0.000493407571390605
0.000500800187111724
0.000507239335850159
0.000513905337640321
0.000513239640170437
0.000510839493476388
0.000508303327708453
0.000505623746337532
0.000503879903818979
0.000501440346135405
0.000499749258953278
0.000498695939967739
0.000497978335216396
0.00049690989284721
0.000495824701051364
0.000495211839929037
0.00049618180302798
0.000497508914282548
0.000498625123596946
0.000499744194232128
0.000500778485304394
0.000502612410521361
0.000503375621275872
0.000503681377413346
0.000503799989192229
0.000503721070854079
0.000504154854419469
0.000504634757776768
0.000504992978639613
0.000505358876631069
0.000505590154063687
